----------------------------------------------

<about TPK>
31 31 31 31 31 31 31 31 <TMK>
对 F9 27 14 E8 0E 83 2E DC 解密<TPK明文，传输>生成
3232323232323232 <TPK 密文，需要保存>
然后对 00 00 00 00 00 00 00 00 进行加密生成kcv
adc67d8473bf2f06 (去前四个为 AD C6 7D 84)

F92714E80E832EDC

<about TAK>
test login messages

31 31 31 31 31 31 31 31 <TMK>
对4B F6 E9 1B 1E 3A 9D 81 解密<TAK明文，传输>生成
3333333333333333 <TAK 密文，需要保存>
然后对 00 00 00 00 00 00 00 00 进行加密生成kcv
adc67d8473bf2f06(去前四个为 AD C6 7D 84)

<about PIN>

52域 RecData：94 72 7A 1C A4 55 F8 A4 
52域 Pan：00 00 48 36 55 25 74 27 
52域 解密RecData：06 85 6B 5F AA DA 8B D8 
52域：852369


PIN加密过程：
06852369FFFFFFFF<PIN 明文>
0000483655257427<卡号> 异或生成
06856B5FAADA8BD8
用3232323232323232<TPK>加密生成
94727A1CA455F8A4


PIN解密过程:
用3232323232323232 对94727A1CA455F8A4解密生成
06856B5FAADA8BD8
然后与00 00 48 36 55 25 74 27异或生成
06852369FFFFFFFF 最后852369位最后输入的密码


MAC生成   <结果>30 31 41 38 46 36 31 32 

<完整报文>00 9C 60 00 00 00 00 00 00 00 31 00 31 02 10 70 3E 00 81 0E D0 88 13 16 62 14 83 65 52 57 42 75 00 00 00 00 00 00 00 01 11 00 00 27 16 35 28 09 15 23 05 00 00 00 08 01 00 00 00 31 32 33 34 35 36 37 38 39 30 31 32 31 32 33 34 35 36 30 30 31 32 33 34 35 36 37 38 31 32 33 34 35 36 37 38 39 30 31 32 33 34 35 22 30 31 30 32 30 30 30 30 20 20 20 30 31 30 33 30 30 30 30 20 20 20 31 35 36 20 00 00 00 00 00 00 00 00 14 22 00 00 01 00 05 00 00 03 43 55 50 30 31 41 38 46 36 31 32 
<算报文数据>注：不足8个字节补00
0210703E00810ED0 
8813166214836552 
5742750000000000 
0000011100002716 
3528091523050000 
0008010000003132 
3334353637383930 
3132313233343536 
3030313233343536 
3738313233343536 
3738393031323334 
3522303130323030 
3030202020303130 
3330303030202020 
3135362000000000 
0000000014220000 
0100050000034355 
5000000000000000 
异或之后的数据为：
8C40346D363A20E1  然后拆开成16个16进制字符
||
38 43 34 30 33 34 36 44    33 36 33 41 32 30 45 31

3843343033343644   3336334132304531
对前八个字符进行TAK加密生成 38E371C2FDBB03B8 然后与后八个字节 3336334132304531异或生成0BD54283CF8B4689
然后对0BD54283CF8B4689 进行TAK加密 生成01A8F612C19F3C14
然后拆开成16个16进制字符即
30 31 41 38 46 36 31 32 43 31 39 46 33 43 31 34
取前八个字节 30 31 41 38 46 36 31 32为MAC
